,191911919111911111199 110999 9911 ’1109919119 11911 09119199 99119 919191991191119911

Ι99999119119111011111199111191999199499199 9999 91 119 9911 ι1101991119 11011

,9199911 1119999 11911 9119111111 9191119 91 119 ppo 9 11190911991191 1199199 Ι [10199

’ 9011919911 991119 9111111101) 11091991 9111111019 ’11911919 9991191499· 11

: ,9199111199 1191919 Ι 1101191119ᾡ 91 1019 99119 1Ι1οιγ9911911 a ι119119911911
,91919 1011991911 1) 1011991911 91 Ι 10911919 9111111 1119019919 9 ·g

1109919

91119999 119 Ι 9191199119 11 199119919999 Ι 09110191( mo 1 1991119191( 19199 Ι

9199191919 9 1190 11 19919119] 91190 Ι 1991919 tn· 1119111919 Ι 11911919 9911 11
:mu 9119911 19999919 a ²⁰09001.! 901 mo 1 19119999 9019911 ·1 ‘1

(1119199 9911 101γ9911911 11019199] 901 91 9911 991 9199 99999γ199

11111901 9199γ911990119 11901119ι 1191 1109199 9911 ι11111911111199 11111901

19991119 1199999 119199 99119 99 991911 1119119119 9 90199199 ,99199
9919 9911 9091199911 01901 1101999 9911 99119199 ,1199191190199 1119191
,1111191191 9119 1191109999 90199 101γ9911911 91 1101991999 1190 1ῳγ99
,19 ·119110191(19199 0199111119 0119910911 119 999 ι1191919 199099919011

.1119119011119191(01911 991 1109 99911999 ,1099199999 dom& ⁸
9099 119 91191191( 99199 *111199 1190
1111919111γο991911019091191119991199 91 9019119999 19191( 91911199
Ι 1919119119 0911011999 99019911 99199199101990119119911199 1119991911
,1911911 91 119 119 19111111 ι1199911199 991 19119119 91919911 99 ,99199 1119
101911 ’991919 11911911 119999 19910111 099119091190119999990199 ,001
9111999 19191( ’19199999 119 19991199 1199119999 9901 119 1191110191(
10190 1991199119919 9911 9199999191 199γ9119>1 11019911 91191 1911911
11919919 11999911 99191119] 9 1199 1901111919 91999911 191 1991(
-91911 991199ᾡ9119191 1919911919 1119 9099990999» *9099 119911 9911
99111999 19199 991919110119 111911999 91911111 9911 110119119191(ῲ1911099ι
119119 91919111 111991 1911919 911 119 99191911919 9019991919 119 119199
99119 11011199 991199γ9199 9911 90 99191119] 901 9911191991 11991199
9991911119 10190191 1⁰ 119199199199 9911990 ,901011χ 99191911 991
410191( 90191091 1ογγ9 9911 90193 *9919191999μ *119911109ᾡ9Ν 91191(
1999901ι 0991911119 990199 9991 991111 1199999991μ 11911 119 1109119
*91999χ 901 9911 9111119 91 90199 19911999191911119 ι1101919199 901
9111990199, 099 90110991011919 *1100991999119119199 9911199111
99901901919 9911 *00191999119 1199911919911119 91911999 9199919

Ι 911 91191911 9911 91111919 901911χ99911191199119 11091191 999ι

Ἰ suavo

‘1 q 'm'nd ΠΟΥ

 

